bicycle 0 0 -1.7082341282155236 1232.0646 764.3699 1357.1787 941.79224 1.2025487345784636 0.7674832523233814 2.0832321651914945 2.8273591387840566 2.50387833304944 12.884601376284115 -1.4922208312468788 1
bicycle 0 0 2.040934963334784 0.0 679.0889 229.09918 964.3468 1.255992676450539 0.6453056683677164 2.146472982780139 -4.751594971110946 1.58868904683704 8.089944089038688 1.5098719588671603 1
bicycle_rack 0 1 0.3430604651093382 199.95561 773.4989 396.20874 885.6831 1.4805961737512836 2.737183149893569 2.2014102410312364 -10.993915567693872 4.108686307117191 25.00442463578101 -0.07117728073693286 1
moped_scooter 0 1 -0.1494673055256886 110.78512 768.5077 262.23364 875.8045 1.2888184816961332 0.5882752165615754 1.8013743476847968 -10.751817604427655 3.358138355919606 20.781811915226257 -0.6269115580068101 1
Pedestrian 1 0 -2.922093835846735 587.30347 740.3624 652.8394 860.56946 1.6077542164167407 0.5631578995499714 0.7860708265275456 -4.74616248253665 3.237891526204926 20.829429812933974 -3.1461273615232663 1
Cyclist 1 0 -1.9151477156539103 783.1057 705.0527 979.43134 1006.7112 1.7553172709451372 0.645020603139887 2.236028328048907 -0.6193350316095609 2.3784378179905046 10.470577268608926 -1.9742289137124158 1
Cyclist 1 0 -0.31529320566740415 1078.8104 750.80945 1263.6698 918.33734 1.7759744264528043 0.7277422223297091 1.9752072403091423 2.4012846086393087 3.2675877356750327 17.184228879067454 -0.176454531832545 1
Cyclist 1 0 3.003898401761214 307.68942 711.1725 488.0816 860.01654 1.6772857167358772 0.7327860225480042 2.01677269923256 -6.992460182031899 2.7959163667323463 18.586465109142242 -3.6391201501911303 1
Pedestrian 1 0 -2.884875746051113 523.0913 724.7886 599.5105 860.4283 1.756799242487991 0.6889953025609445 0.8512156568069302 -5.400599452411982 3.1309360458243582 20.225586606314096 -3.1458062912957754 1
Pedestrian 1 1 0.22835717660053562 445.32526 688.70355 527.3505 882.13464 1.7669247988908416 0.6386048995116186 0.6149453404351551 -4.5094746042279725 2.3886472213291636 14.22895382823127 -0.07855157787087652 1
rider 1 0 -1.9517105157139267 794.7707 714.9887 939.9121 962.0442 1.5586916738231371 0.6958625461086755 0.9862979691718372 -0.6715678106719386 2.224909277878774 10.463791682817586 -2.0158027702077583 1
rider 1 0 -0.31107876750018104 1120.8762 751.14276 1208.2275 900.7445 1.6044485409321858 0.7268101700101064 0.8112815885620911 2.328485626992541 3.091967051717254 17.191567897319516 -0.176454531832545 1
bicycle 0 0 -1.9413983728686228 1510.3955 745.52344 1886.5272 1172.7312 1.2411789660174075 0.6745311308706086 1.8082953979811296 2.739459679108114 1.7831715402708779 5.793482491519972 -1.4997040847212908 1
moped_scooter 0 2 0.37045339599686744 121.00319 766.17224 292.45963 875.027 1.5817668122475719 0.7805455187600057 2.2796261520368244 -11.838417778676712 3.850677005819592 23.519779847383468 -0.0958616846835767 1
rider 1 0 3.0116150262454626 332.6941 713.9649 437.05008 852.78467 1.5976184975343568 0.6691461668960619 1.127101689056315 -7.129955736278464 2.7327875732030655 18.496397934421097 -3.6394954100902304 1
