rider 1 0 1.716500830699201 979.41486 789.5281 1018.06165 866.89154 1.503325462332693 0.7167884312694952 0.6358283468841199 0.7805723338707173 4.960184749066411 31.026849236059597 -4.541531818868102 1
rider 1 2 1.6568505940586151 978.4141 799.74225 1003.733 852.63293 1.5093050365956393 0.7147071097924309 0.691662610661527 0.9109030514856279 6.8831075549636775 45.580666968367765 -4.606352956017325 1
Cyclist 1 0 1.741889837976223 664.91986 714.31024 856.1031 1081.4574 1.7232602354991824 0.7369056498364389 2.008079917225801 -1.0827856642405846 2.2945520822114167 8.535381739268937 -4.667479943993499 1
bicycle 0 2 -0.14180759450064123 1312.0208 841.0849 1505.5568 963.6207 1.1306064594576755 0.4553150172951571 1.868452220625382 4.59696678791301 3.4150814679472945 15.440113554597941 0.1475642482454793 1
moped_scooter 0 2 -1.7555991420447157 1365.0927 830.9763 1415.7372 912.43134 1.120793055389803 0.5456318089243678 1.610393791217293 7.329465011347459 4.761234988918397 25.590410668271193 -1.4766522228235857 1
Pedestrian 1 2 1.5984428848919254 925.15704 802.16113 945.296 858.2053 1.774252387425403 0.6525969229842776 0.6728356770402757 -0.8656711886550168 7.721436346927517 49.83268383589676 -4.7021122298047775 1
Pedestrian 1 0 1.639039182524467 938.21735 799.4236 968.53564 865.72046 1.6862560652883705 0.772286995438641 0.762881502749928 -0.2106181843256405 6.468748036286399 40.57455208332842 -4.649336971671616 1
Pedestrian 1 0 1.6531349998954221 912.9902 800.73676 940.24176 860.8016 1.5336230557640003 0.6857072756658512 0.7393217283133133 -0.9435470358423435 6.382910279369236 40.85227583782024 -4.653142761534202 1
Car 0 1 -2.039211889484951 1433.9873 687.5461 1935.0 1215.0 1.9223383609753752 2.0535622747106395 4.999146108042289 3.990897296243669 2.3285928382552874 7.158571351723837 -1.5306294268227179 1
bicycle 0 1 -0.287799341453093 1268.262 831.70245 1436.4569 930.41797 1.0824220998528118 0.8762882937436578 1.8772623285734167 4.90198831137192 3.7515463285228265 18.832076809547374 -0.03315036307792729 1
bicycle 0 1 -0.16763254874814404 1309.5704 841.8066 1501.2402 957.2874 1.0631886997120072 0.6998266548552571 1.868452220625382 4.707516501789529 3.443182373676545 15.949958197026092 0.1193622314391869 1
bicycle 0 0 -1.3554111897716647 538.4063 759.463 685.7631 957.8043 1.2557094419021744 0.7177180596978504 1.9975305364238725 -2.7129565542603298 2.4104288170923107 11.830285942511845 -1.5808364879643957 1
Cyclist 1 0 1.594112828835665 1015.50836 792.318 1062.8655 901.49445 1.4938938424966723 0.7251624912588659 1.8468303700523607 1.2811993459008773 4.322698316564587 24.319538044134813 -4.636439239962882 1
Cyclist 1 0 1.7215744075458241 973.52216 786.37036 1021.80664 885.1689 1.7611009183453676 0.7167884312694952 1.9369806486623902 0.7686389289365403 5.217528512024247 30.994923259914085 -4.53681711602613 1
Cyclist 1 2 1.6665831811226814 976.481 797.2965 1005.7992 862.2378 1.7121841929198378 0.7147071097924309 1.93280568464486 0.9226396979408903 7.101251968183998 45.74558399658631 -4.596435925469756 1
bicycle 0 1 1.6639808417421582 814.0108 790.2934 855.5897 872.6927 1.3631788328460905 0.6437503279536867 1.8688246861328557 -2.476866060393494 4.722969478760917 29.440762919832707 -4.703137312402519 1
bicycle 0 1 -1.7295722749837892 1291.4579 831.68445 1336.4946 901.9165 1.1804225674273263 0.6399992469074598 1.8931490968949505 7.484965289943393 5.711108587614142 31.7981063485465 -1.4983904880054162 1
bicycle 0 2 1.4856170579583594 1213.9376 842.5176 1234.8583 887.5997 1.1047015382854124 0.48576301993283627 1.9860375560581018 8.335223970474596 8.151384413618537 47.413268869985004 -4.623547047441086 1
bicycle_rack 0 1 0.16671007453741904 1304.3179 800.4317 1697.9751 1030.418 1.268117789243135 1.717683497634262 2.671099978044606 4.269861635056335 2.8173936736473992 11.794429666032608 0.5140559102911983 1
Pedestrian 0 1 2.994513497379149 1324.7892 828.60266 1367.4586 901.39575 1.2730600720660716 0.7991163027486634 0.6919306761146682 7.4603291903980775 5.284230504161352 29.01363490382014 -3.036992176359058 1
Pedestrian 0 1 0.26766065580035486 497.9945 740.84985 599.1571 934.52563 1.4277046851464708 0.627437400280593 0.6195969454328653 -3.2220069610442916 2.360306786215202 11.713908186978436 -0.0007596988979983177 1
Pedestrian 0 1 1.6212041159651527 1318.7725 817.9872 1355.6111 922.0193 1.8534490149795408 0.6500134584067088 0.5851676523981234 7.143687904430451 5.570036983753489 28.40970632268964 -4.415636062132025 1
rider 1 0 1.7420575056766818 688.078 713.7001 845.93225 1016.5742 1.5671137389069176 0.7369056498364389 0.9630995169544826 -1.0831971739003283 2.103024671920237 8.527173683078708 -4.667479943993499 1
rider 1 0 1.5938252939545192 1017.4414 796.31006 1062.9803 884.5802 1.3352377544222949 0.7251624912588659 0.6489253431297309 1.2890823113709746 4.164922286030123 24.335976260158354 -4.636439239962882 1
