bicycle_rack 0 1 -2.9788301051628485 646.5621 870.1239 745.0494 947.3662 1.355695180818566 4.48287485410958 2.069707403964661 -7.524362592451418 8.744378424625676 42.805324106463274 -3.1528334616809266 1
Pedestrian 1 0 -0.22306601190940079 634.85767 853.36926 667.11066 932.11145 1.6444868788603362 0.4866660508901877 0.6173689497575021 -6.974459272395048 6.832609192661848 33.609324826729974 -0.4276775573389997 1
Pedestrian 1 0 -1.7562764225246097 885.9239 819.5336 950.05237 957.25397 1.728481090587118 0.7625344633094676 0.6544872356430169 -0.592768516932592 4.423184489816 20.303382777713985 -1.7854636859516977 1
bicycle 0 1 1.8703173009326555 290.25848 733.1815 471.54343 939.9036 1.2312646377490877 0.6835059225824461 1.9528848346874286 -4.18848614743173 2.09620269150603 10.948338198517726 1.504928052710334 1
bicycle_rack 0 1 -1.729561214346804 1180.6505 760.7636 1369.109 1005.3019 1.0375795796102383 0.6464137852367903 3.810681809040283 2.0581679694808783 2.155633940767558 10.390263949689304 -1.534006516059907 1
Pedestrian 1 0 1.481977991544845 1135.069 650.8579 1266.1976 951.09515 1.7029054741862635 0.7138276131719481 0.6536021217629259 1.4080396245240434 1.8633755975607933 8.893058578258392 -4.644180609398175 1
Pedestrian 1 0 1.4444545206964519 1004.4673 679.1758 1133.2267 928.2479 1.642806419700905 0.8159606208799607 0.6177326892210265 0.7314304618785121 2.0300939114425427 10.339089011587681 1.5150810435576325 1
Pedestrian 1 0 1.6850083894925498 451.50113 656.70416 563.8711 923.33203 1.9000570938196795 0.7062713088366022 0.9800825318965057 -3.41663322214335 2.1526798001835656 11.332103654898848 1.3921756958376177 1
Pedestrian 1 0 1.7246656803825986 347.10272 674.3383 461.65237 923.42175 1.7233749104384959 0.6751181243477371 0.7819385638886469 -4.070212717586801 2.1011654156218063 10.97636310680656 1.3695680780980188 1
Pedestrian 0 0 1.3165879107574985 1245.2627 648.83057 1431.8701 1032.0812 1.6351612669007745 0.6885530690876365 0.572765508005488 1.6742911339168445 1.747130646405184 6.706342831925981 1.561244524598563 1
bicycle 0 1 0.09556125880928601 1543.5969 772.3344 1935.0 1147.9677 1.1205912860475393 0.42005318471050523 1.8864556454477033 3.2708229628738383 1.7567239733065176 5.737396620866261 0.6136964676924599 1
Cyclist 1 0 2.2062382383455486 74.70817 634.3156 471.39313 1038.7317 1.7216873513402624 0.7251094154025729 2.028661827016778 -3.323650664684166 1.7755650986586624 7.4849948686656536 -4.494835127143407 1
bicycle 0 1 -2.3863458263160995 1308.0548 813.58484 1613.5823 1031.4604 0.7220090058633966 0.38807875834437755 1.4886842853680702 2.2791816609155737 1.698651359956205 6.99430715669074 -2.0713341209430536 1
bicycle 0 1 2.6929748615861944 529.89606 857.5103 631.86304 931.0031 1.2934541974935139 0.7107993355528012 2.0962232005260737 -8.444076343320905 6.61251770546482 33.250558742278216 -3.8389060257962755 1
bicycle 0 1 -3.009555990541058 418.69 851.50195 523.7998 914.321 1.1733071246777391 0.6194135196948825 2.0731011176573357 -10.465543900440199 6.095868380203843 31.99180540230911 -3.3257150179762855 1
bicycle_rack 0 1 -2.9928731412011373 680.80457 875.8202 768.08167 936.36694 1.1291479316165314 4.6042518133098564 2.1804957529090245 -7.746837068109331 9.795993350525457 49.34330781414102 -3.1486006936933193 1
bicycle_rack 0 1 1.7058616620494582 270.01114 769.42377 398.87686 965.5769 1.2616356367381072 0.6346961271139634 3.437768336328631 -5.763839982580029 2.776376550176229 13.930370026699947 1.3135491642753494 1
bicycle_rack 0 1 1.9765668093920141 117.002235 728.1893 379.9364 946.5096 1.2617211615326813 0.7969514577407247 2.6035681782479996 -5.222346341099497 2.125944573464427 11.198771001092958 1.5402144244010256 1
bicycle_rack 0 1 2.3168045401510007 0.0 720.29755 265.22617 970.9276 1.211149321750924 0.9408194374764873 1.8426667807311492 -5.215905784320306 1.8486537528877867 8.991327963483263 -4.492042416973234 1
moped_scooter 1 0 1.204581575555566 521.87256 767.1134 677.9282 959.6937 1.5974584459958177 0.8944248848604079 1.901930645350798 -3.6455321230182407 3.11988778676048 14.972376959462727 0.9657450909819336 1
moped_scooter 0 2 -0.22842378956432524 414.2615 847.2412 517.45374 922.30664 1.3510168297965197 0.4343029029197721 2.0431787769235457 -10.55038272110117 6.198154084247276 31.88370767316418 -0.547984552615574 1
rider 1 0 2.2037492974207726 184.19371 636.916 410.24295 982.31415 1.625349897191674 0.7251094154025729 0.7675169727080104 -3.317589944351898 1.689448110914586 7.521764227558185 -4.494835127143407 1
rider 1 1 1.2029097861596183 539.38983 771.234 655.925 937.9065 1.486114246983899 0.8944248848604079 0.8330263348364035 -3.645681397436513 3.0103959773568016 14.979902901247822 0.9641793777648044 1
